K = 32.3879300195984
x = 0.02055901940063421
a = 1.2149050677583533
n = 0.9417387256848342
